l("1","1")=0.0;
l("1","2")=662852.2992834507;
l("1","3")=1414302.336294092;
l("1","4")=114985.51901274675;
l("1","5")=432724.9627959829;
l("1","6")=1399246.1513209401;
l("1","7")=872531.7098408905;
l("1","8")=926662.6602467975;
l("1","9")=195753.2624265754;
l("1","10")=916873.0195297987;
l("1","11")=962503.2741761097;
l("1","12")=623607.3995978598;
l("1","13")=426637.6571261939;
l("1","14")=2174438.0748006664;
l("1","15")=1561164.795764706;
l("1","16")=1897608.7425049946;
l("1","17")=2382578.2010361347;
l("1","18")=1657808.4331523671;
l("1","19")=2410274.846419975;
l("1","20")=822843.0957159911;
l("1","21")=901316.7248776508;
l("1","22")=2847259.640088823;
l("1","23")=1127363.0737119338;
l("1","24")=3193940.9909975505;
l("1","25")=3780801.8702335437;
l("1","26")=3566091.0846770075;
l("2","1")=662852.2992834507;
l("2","2")=0.0;
l("2","3")=1970569.8957627804;
l("2","4")=569416.4188699706;
l("2","5")=1008482.4638713397;
l("2","6")=775003.1526402207;
l("2","7")=1342272.7523986627;
l("2","8")=1542087.7773396957;
l("2","9")=852737.7373443684;
l("2","10")=479986.1714899203;
l("2","11")=312912.4224629616;
l("2","12")=1190453.1416604058;
l("2","13")=270335.28653481544;
l("2","14")=1654648.2084190117;
l("2","15")=1056432.72482637;
l("2","16")=1237408.8602458718;
l("2","17")=1754403.684881775;
l("2","18")=2211793.6490023197;
l("2","19")=1852352.7405152575;
l("2","20")=994395.8300973406;
l("2","21")=572228.3503885524;
l("2","22")=2219013.12628714;
l("2","23")=1325605.607492309;
l("2","24")=2557519.206131625;
l("2","25")=3144457.899891166;
l("2","26")=2921994.0607591956;
l("3","1")=1414302.336294092;
l("3","2")=1970569.8957627804;
l("3","3")=0.0;
l("3","4")=1528525.1585065082;
l("3","5")=986940.686380537;
l("3","6")=2502873.8365147198;
l("3","7")=653883.3828419843;
l("3","8")=535208.3137019847;
l("3","9")=1237256.2791577773;
l("3","10")=1929039.3687253655;
l("3","11")=2281374.8295942065;
l("3","12")=794882.8473038793;
l("3","13")=1809086.3748863847;
l("3","14")=2920807.8233034727;
l("3","15")=2410900.8882556683;
l("3","16")=3155720.4049767256;
l("3","17")=3380784.7565822904;
l("3","18")=243905.0258945147;
l("3","19")=3209038.0049917568;
l("3","20")=1185088.184847677;
l("3","21")=1813614.196881685;
l("3","22")=3810336.447677393;
l("3","23")=1070940.3503217895;
l("3","24")=4169131.743524037;
l("3","25")=4727352.54708946;
l("3","26")=4560085.216846941;
l("4","1")=114985.51901274675;
l("4","2")=569416.4188699706;
l("4","3")=1528525.1585065082;
l("4","4")=0.0;
l("4","5")=544843.4993193032;
l("4","6")=1323638.0345875432;
l("4","7")=977230.4875697898;
l("4","8")=1041365.8659257903;
l("4","9")=307678.9992947153;
l("4","10")=870691.9001383346;
l("4","11")=860785.2961071339;
l("4","12")=736519.0636787795;
l("4","13")=319624.7091985792;
l("4","14")=2129026.7019366203;
l("4","15")=1515145.4242702897;
l("4","16")=1797362.9673692824;
l("4","17")=2308120.868007288;
l("4","18")=1772136.407051492;
l("4","19")=2356523.925501541;
l("4","20")=879414.298880955;
l("4","21")=872751.6726747185;
l("4","22")=2773267.6428553076;
l("4","23")=1196410.703667579;
l("4","24")=3116948.6603955966;
l("4","25")=3704114.3789465697;
l("4","26")=3485799.066924303;
l("5","1")=432724.9627959829;
l("5","2")=1008482.4638713397;
l("5","3")=986940.686380537;
l("5","4")=544843.4993193032;
l("5","5")=0.0;
l("5","6")=1649277.0404304902;
l("5","7")=456709.96439733694;
l("5","8")=534812.2428148586;
l("5","9")=283655.30376457394;
l("5","10")=1095224.2978290496;
l("5","11")=1321265.3177491562;
l("5","12")=192283.5775530775;
l("5","13")=824253.3617729028;
l("5","14")=2289413.642379333;
l("5","15")=1697279.2632010898;
l("5","16")=2233503.7115229955;
l("5","17")=2606082.880579086;
l("5","18")=1230844.128556599;
l("5","19")=2552361.0934697646;
l("5","20")=633627.4968042868;
l("5","21")=1022877.626519807;
l("5","22")=3063075.315670705;
l("5","23")=848864.5799992274;
l("5","24")=3418740.0746428426;
l("5","25")=3999984.9921599478;
l("5","26")=3801898.447329556;
l("6","1")=1399246.1513209401;
l("6","2")=775003.1526402207;
l("6","3")=2502873.8365147198;
l("6","4")=1323638.0345875432;
l("6","5")=1649277.0404304902;
l("6","6")=0.0;
l("6","7")=1849332.7641136516;
l("6","8")=2170480.4714198182;
l("6","9")=1571088.7769539207;
l("6","10")=574220.4264378237;
l("6","11")=605722.7068391643;
l("6","12")=1800494.1074719473;
l("6","13")=1044885.481078556;
l("6","14")=948921.1108027074;
l("6","15")=471411.5518612238;
l("6","16")=721490.0684827563;
l("6","17")=984483.3847691977;
l("6","18")=2727619.2121470114;
l("6","19")=1101429.7995443412;
l("6","20")=1340953.3244794083;
l("6","21")=693563.0805622771;
l("6","22")=1449632.1896158028;
l("6","23")=1589647.2176415531;
l("6","24")=1794702.2835629291;
l("6","25")=2381629.6534282775;
l("6","26")=2168190.808339382;
l("7","1")=872531.7098408905;
l("7","2")=1342272.7523986627;
l("7","3")=653883.3828419843;
l("7","4")=977230.4875697898;
l("7","5")=456709.96439733694;
l("7","6")=1849332.7641136516;
l("7","7")=0.0;
l("7","8")=469887.8095574445;
l("7","9")=740305.8814833632;
l("7","10")=1275318.6284832412;
l("7","11")=1648032.9502307365;
l("7","12")=307387.4568164072;
l("7","13")=1214517.7981560682;
l("7","14")=2317793.1500019724;
l("7","15")=1778476.0340840453;
l("7","16")=2504760.9524107235;
l("7","17")=2740709.779203594;
l("7","18")=884434.1849700895;
l("7","19")=2600271.6362953014;
l("7","20")=552662.7109711544;
l("7","21")=1161860.62143696;
l("7","22")=3178404.245565805;
l("7","23")=563159.0780952277;
l("7","24")=3537619.961013904;
l("7","25")=4103917.2774994588;
l("7","26")=3927649.2398259747;
l("8","1")=926662.6602467975;
l("8","2")=1542087.7773396957;
l("8","3")=535208.3137019847;
l("8","4")=1041365.8659257903;
l("8","5")=534812.2428148586;
l("8","6")=2170480.4714198182;
l("8","7")=469887.8095574445;
l("8","8")=0.0;
l("8","9")=736680.5706492784;
l("8","10")=1605136.146561607;
l("8","11")=1854500.2539968947;
l("8","12")=370139.3851658746;
l("8","13")=1344341.6711840224;
l("8","14")=2739721.716480157;
l("8","15")=2172291.8603065372;
l("8","16")=2768055.165601238;
l("8","17")=3109906.000471862;
l("8","18")=765667.9678542163;
l("8","19")=3014988.706531119;
l("8","20")=982419.0501365641;
l("8","21")=1515565.5216766652;
l("8","22")=3560432.969272434;
l("8","23")=1032729.3485138955;
l("8","24")=3918437.2486761273;
l("8","25")=4494405.066794186;
l("8","26")=4305127.071807874;
l("9","1")=195753.2624265754;
l("9","2")=852737.7373443684;
l("9","3")=1237256.2791577773;
l("9","4")=307678.9992947153;
l("9","5")=283655.30376457394;
l("9","6")=1571088.7769539207;
l("9","7")=740305.8814833632;
l("9","8")=736680.5706492784;
l("9","9")=0.0;
l("9","10")=1061444.289881699;
l("9","11")=1156021.4535206982;
l("9","12")=461152.5425198936;
l("9","13")=622327.189600438;
l("9","14")=2308083.3872305094;
l("9","15")=1698665.5197478388;
l("9","16")=2089582.386390181;
l("9","17")=2550662.3584102523;
l("9","18")=1479555.4247409278;
l("9","19")=2553850.1798975714;
l("9","20")=814008.1136515698;
l("9","21")=1025134.3932554505;
l("9","22")=3014161.7210386028;
l("9","23")=1082967.116192397;
l("9","24")=3363800.8360829623;
l("9","25")=3949853.323568009;
l("9","26")=3739247.5349529763;
l("10","1")=916873.0195297987;
l("10","2")=479986.1714899203;
l("10","3")=1929039.3687253655;
l("10","4")=870691.9001383346;
l("10","5")=1095224.2978290496;
l("10","6")=574220.4264378237;
l("10","7")=1275318.6284832412;
l("10","8")=1605136.146561607;
l("10","9")=1061444.289881699;
l("10","10")=0.0;
l("10","11")=593500.5379659513;
l("10","12")=1235189.708944031;
l("10","13")=681720.9130386786;
l("10","14")=1258915.672945259;
l("10","15")=645034.0523798859;
l("10","16")=1251537.7727943768;
l("10","17")=1510859.0825447657;
l("10","18")=2155140.809609869;
l("10","19")=1494317.352904639;
l("10","20")=779615.4486331051;
l("10","21")=143960.3402576308;
l("10","22")=1968727.2257788903;
l("10","23")=1059322.2713974272;
l("10","24")=2323722.081905941;
l("10","25")=2905928.797668478;
l("10","26")=2706708.1390811186;
l("11","1")=962503.2741761097;
l("11","2")=312912.4224629616;
l("11","3")=2281374.8295942065;
l("11","4")=860785.2961071339;
l("11","5")=1321265.3177491562;
l("11","6")=605722.7068391643;
l("11","7")=1648032.9502307365;
l("11","8")=1854500.2539968947;
l("11","9")=1156021.4535206982;
l("11","10")=593500.5379659513;
l("11","11")=0.0;
l("11","12")=1503293.4426656477;
l("11","13")=542764.2538999167;
l("11","14")=1548426.8189259118;
l("11","15")=999536.6871707662;
l("11","16")=936689.7689672679;
l("11","17")=1535686.1694291444;
l("11","18")=2521919.367669454;
l("11","19")=1706382.6345414745;
l("11","20")=1263092.6321414406;
l("11","21")=726761.8564132071;
l("11","22")=1994167.0293775746;
l("11","23")=1583394.52491347;
l("11","24")=2319733.7123948582;
l("11","25")=2903662.8221549457;
l("11","26")=2672160.058588324;
l("12","1")=623607.3995978598;
l("12","2")=1190453.1416604058;
l("12","3")=794882.8473038793;
l("12","4")=736519.0636787795;
l("12","5")=192283.5775530775;
l("12","6")=1800494.1074719473;
l("12","7")=307387.4568164072;
l("12","8")=370139.3851658746;
l("12","9")=461152.5425198936;
l("12","10")=1235189.708944031;
l("12","11")=1503293.4426656477;
l("12","12")=0.0;
l("12","13")=1015006.557184987;
l("12","14")=2387726.0980917634;
l("12","15")=1810576.439942839;
l("12","16")=2405977.369591646;
l("12","17")=2741462.4880679;
l("12","18")=1038783.8875255128;
l("12","19")=2658710.0638562413;
l("12","20")=658779.3036516167;
l("12","21")=1147927.3072472767;
l("12","22")=3193570.5677436995;
l("12","23")=798947.7281518396;
l("12","24")=3551124.1856257645;
l("12","25")=4128594.009652881;
l("12","26")=3937106.1821048544;
l("13","1")=426637.6571261939;
l("13","2")=270335.28653481544;
l("13","3")=1809086.3748863847;
l("13","4")=319624.7091985792;
l("13","5")=824253.3617729028;
l("13","6")=1044885.481078556;
l("13","7")=1214517.7981560682;
l("13","8")=1344341.6711840224;
l("13","9")=622327.189600438;
l("13","10")=681720.9130386786;
l("13","11")=542764.2538999167;
l("13","12")=1015006.557184987;
l("13","13")=0.0;
l("13","14")=1907886.214519086;
l("13","15")=1301174.5370244193;
l("13","16")=1479349.638854773;
l("13","17")=2024696.4634366378;
l("13","18")=2052815.417677605;
l("13","19")=2114725.430822101;
l("13","20")=975334.2076433426;
l("13","21")=733196.8399382249;
l("13","22")=2489233.4173792945;
l("13","23")=1311283.366271681;
l("13","24")=2827018.358795087;
l("13","25")=3413809.4310592855;
l("13","26")=3190027.0166526223;
l("14","1")=2174438.0748006664;
l("14","2")=1654648.2084190117;
l("14","3")=2920807.8233034727;
l("14","4")=2129026.7019366203;
l("14","5")=2289413.642379333;
l("14","6")=948921.1108027074;
l("14","7")=2317793.1500019724;
l("14","8")=2739721.716480157;
l("14","9")=2308083.3872305094;
l("14","10")=1258915.672945259;
l("14","11")=1548426.8189259118;
l("14","12")=2387726.0980917634;
l("14","13")=1907886.214519086;
l("14","14")=0.0;
l("14","15")=613929.703257543;
l("14","16")=1295969.25725217;
l("14","17")=682246.056276051;
l("14","18")=3104581.757428665;
l("14","19")=292350.8066785221;
l("14","20")=1766749.0915115927;
l("14","21")=1283347.4558357936;
l("14","22")=961593.1942692751;
l("14","23")=1858654.9571639062;
l("14","24")=1300566.8546357611;
l("14","25")=1821087.481307357;
l("14","26")=1685047.2665763742;
l("15","1")=1561164.795764706;
l("15","2")=1056432.72482637;
l("15","3")=2410900.8882556683;
l("15","4")=1515145.4242702897;
l("15","5")=1697279.2632010898;
l("15","6")=471411.5518612238;
l("15","7")=1778476.0340840453;
l("15","8")=2172291.8603065372;
l("15","9")=1698665.5197478388;
l("15","10")=645034.0523798859;
l("15","11")=999536.6871707662;
l("15","12")=1810576.439942839;
l("15","13")=1301174.5370244193;
l("15","14")=613929.703257543;
l("15","15")=0.0;
l("15","16")=1104629.4243067936;
l("15","17")=974537.6480678502;
l("15","18")=2614404.856452064;
l("15","19")=857197.5233769274;
l("15","20")=1228348.8770031214;
l("15","21")=677970.5766648611;
l("15","22")=1400422.4975778724;
l("15","23")=1391357.5660368344;
l("15","24")=1759582.0404638504;
l("15","25")=2326534.052257433;
l("15","26")=2150088.4558991566;
l("16","1")=1897608.7425049946;
l("16","2")=1237408.8602458718;
l("16","3")=3155720.4049767256;
l("16","4")=1797362.9673692824;
l("16","5")=2233503.7115229955;
l("16","6")=721490.0684827563;
l("16","7")=2504760.9524107235;
l("16","8")=2768055.165601238;
l("16","9")=2089582.386390181;
l("16","10")=1251537.7727943768;
l("16","11")=936689.7689672679;
l("16","12")=2405977.369591646;
l("16","13")=1479349.638854773;
l("16","14")=1295969.25725217;
l("16","15")=1104629.4243067936;
l("16","16")=0.0;
l("16","17")=876504.6801922882;
l("16","18")=3389195.04374234;
l("16","19")=1282365.4461241309;
l("16","20")=2031089.1044848945;
l("16","21")=1386955.5905369204;
l("16","22")=1250923.4886729394;
l("16","23")=2300314.7159152776;
l("16","24")=1514594.1247049368;
l("16","25")=2071639.2875945251;
l("16","26")=1821821.2247480715;
l("17","1")=2382578.2010361347;
l("17","2")=1754403.684881775;
l("17","3")=3380784.7565822904;
l("17","4")=2308120.868007288;
l("17","5")=2606082.880579086;
l("17","6")=984483.3847691977;
l("17","7")=2740709.779203594;
l("17","8")=3109906.000471862;
l("17","9")=2550662.3584102523;
l("17","10")=1510859.0825447657;
l("17","11")=1535686.1694291444;
l("17","12")=2741462.4880679;
l("17","13")=2024696.4634366378;
l("17","14")=682246.056276051;
l("17","15")=974537.6480678502;
l("17","16")=876504.6801922882;
l("17","17")=0.0;
l("17","18")=3587649.1852746294;
l("17","19")=503998.0770871301;
l("17","20")=2195840.326105225;
l("17","21")=1594514.6954116053;
l("17","22")=465174.2877666608;
l("17","23")=2364594.1374089024;
l("17","24")=813881.9816655603;
l("17","25")=1399201.2419862968;
l("17","26")=1196030.1337272685;
l("18","1")=1657808.4331523671;
l("18","2")=2211793.6490023197;
l("18","3")=243905.0258945147;
l("18","4")=1772136.407051492;
l("18","5")=1230844.128556599;
l("18","6")=2727619.2121470114;
l("18","7")=884434.1849700895;
l("18","8")=765667.9678542163;
l("18","9")=1479555.4247409278;
l("18","10")=2155140.809609869;
l("18","11")=2521919.367669454;
l("18","12")=1038783.8875255128;
l("18","13")=2052815.417677605;
l("18","14")=3104581.757428665;
l("18","15")=2614404.856452064;
l("18","16")=3389195.04374234;
l("18","17")=3587649.1852746294;
l("18","18")=0.0;
l("18","19")=3394984.9279871015;
l("18","20")=1397408.4442188237;
l("18","21")=2035604.67937234;
l("18","22")=4009982.539669498;
l("18","23")=1245977.706832953;
l("18","24")=4367891.017244578;
l("18","25")=4919383.316521198;
l("18","26")=4759026.987846285;
l("19","1")=2410274.846419975;
l("19","2")=1852352.7405152575;
l("19","3")=3209038.0049917568;
l("19","4")=2356523.925501541;
l("19","5")=2552361.0934697646;
l("19","6")=1101429.7995443412;
l("19","7")=2600271.6362953014;
l("19","8")=3014988.706531119;
l("19","9")=2553850.1798975714;
l("19","10")=1494317.352904639;
l("19","11")=1706382.6345414745;
l("19","12")=2658710.0638562413;
l("19","13")=2114725.430822101;
l("19","14")=292350.8066785221;
l("19","15")=857197.5233769274;
l("19","16")=1282365.4461241309;
l("19","17")=503998.0770871301;
l("19","18")=3394984.9279871015;
l("19","19")=0.0;
l("19","20")=2048051.0270617176;
l("19","21")=1535161.9286444574;
l("19","22")=683960.2521690754;
l("19","23")=2149313.3133678394;
l("19","24")=1013028.1442522921;
l("19","25")=1528793.8759146351;
l("19","26")=1394877.3317562744;
l("20","1")=822843.0957159911;
l("20","2")=994395.8300973406;
l("20","3")=1185088.184847677;
l("20","4")=879414.298880955;
l("20","5")=633627.4968042868;
l("20","6")=1340953.3244794083;
l("20","7")=552662.7109711544;
l("20","8")=982419.0501365641;
l("20","9")=814008.1136515698;
l("20","10")=779615.4486331051;
l("20","11")=1263092.6321414406;
l("20","12")=658779.3036516167;
l("20","13")=975334.2076433426;
l("20","14")=1766749.0915115927;
l("20","15")=1228348.8770031214;
l("20","16")=2031089.1044848945;
l("20","17")=2195840.326105225;
l("20","18")=1397408.4442188237;
l("20","19")=2048051.0270617176;
l("20","20")=0.0;
l("20","21")=648197.1633483289;
l("20","22")=2628771.075364575;
l("20","23")=336557.65533112286;
l("20","24")=2987921.566843243;
l("20","25")=3552124.3566935295;
l("20","26")=3378420.0822887137;
l("21","1")=901316.7248776508;
l("21","2")=572228.3503885524;
l("21","3")=1813614.196881685;
l("21","4")=872751.6726747185;
l("21","5")=1022877.626519807;
l("21","6")=693563.0805622771;
l("21","7")=1161860.62143696;
l("21","8")=1515565.5216766652;
l("21","9")=1025134.3932554505;
l("21","10")=143960.3402576308;
l("21","11")=726761.8564132071;
l("21","12")=1147927.3072472767;
l("21","13")=733196.8399382249;
l("21","14")=1283347.4558357936;
l("21","15")=677970.5766648611;
l("21","16")=1386955.5905369204;
l("21","17")=1594514.6954116053;
l("21","18")=2035604.67937234;
l("21","19")=1535161.9286444574;
l("21","20")=648197.1633483289;
l("21","21")=0.0;
l("21","22")=2045679.486692804;
l("21","23")=917877.1971835769;
l("21","24")=2403211.957009986;
l("21","25")=2981153.257290441;
l("21","26")=2789564.5327097196;
l("22","1")=2847259.640088823;
l("22","2")=2219013.12628714;
l("22","3")=3810336.447677393;
l("22","4")=2773267.6428553076;
l("22","5")=3063075.315670705;
l("22","6")=1449632.1896158028;
l("22","7")=3178404.245565805;
l("22","8")=3560432.969272434;
l("22","9")=3014161.7210386028;
l("22","10")=1968727.2257788903;
l("22","11")=1994167.0293775746;
l("22","12")=3193570.5677436995;
l("22","13")=2489233.4173792945;
l("22","14")=961593.1942692751;
l("22","15")=1400422.4975778724;
l("22","16")=1250923.4886729394;
l("22","17")=465174.2877666608;
l("22","18")=4009982.539669498;
l("22","19")=683960.2521690754;
l("22","20")=2628771.075364575;
l("22","21")=2045679.486692804;
l("22","22")=0.0;
l("22","23")=2773325.4361649933;
l("22","24")=359215.7493981332;
l("22","25")=937248.5580825532;
l("22","26")=749776.7102546806;
l("23","1")=1127363.0737119338;
l("23","2")=1325605.607492309;
l("23","3")=1070940.3503217895;
l("23","4")=1196410.703667579;
l("23","5")=848864.5799992274;
l("23","6")=1589647.2176415531;
l("23","7")=563159.0780952277;
l("23","8")=1032729.3485138955;
l("23","9")=1082967.116192397;
l("23","10")=1059322.2713974272;
l("23","11")=1583394.52491347;
l("23","12")=798947.7281518396;
l("23","13")=1311283.366271681;
l("23","14")=1858654.9571639062;
l("23","15")=1391357.5660368344;
l("23","16")=2300314.7159152776;
l("23","17")=2364594.1374089024;
l("23","18")=1245977.706832953;
l("23","19")=2149313.3133678394;
l("23","20")=336557.65533112286;
l("23","21")=917877.1971835769;
l("23","22")=2773325.4361649933;
l("23","23")=0.0;
l("23","24")=3129564.876874529;
l("23","25")=3675256.933996068;
l("23","26")=3520374.426318784;
l("24","1")=3193940.9909975505;
l("24","2")=2557519.206131625;
l("24","3")=4169131.743524037;
l("24","4")=3116948.6603955966;
l("24","5")=3418740.0746428426;
l("24","6")=1794702.2835629291;
l("24","7")=3537619.961013904;
l("24","8")=3918437.2486761273;
l("24","9")=3363800.8360829623;
l("24","10")=2323722.081905941;
l("24","11")=2319733.7123948582;
l("24","12")=3551124.1856257645;
l("24","13")=2827018.358795087;
l("24","14")=1300566.8546357611;
l("24","15")=1759582.0404638504;
l("24","16")=1514594.1247049368;
l("24","17")=813881.9816655603;
l("24","18")=4367891.017244578;
l("24","19")=1013028.1442522921;
l("24","20")=2987921.566843243;
l("24","21")=2403211.957009986;
l("24","22")=359215.7493981332;
l("24","23")=3129564.876874529;
l("24","24")=0.0;
l("24","25")=587179.2136198884;
l("24","26")=391138.59866777115;
l("25","1")=3780801.8702335437;
l("25","2")=3144457.899891166;
l("25","3")=4727352.54708946;
l("25","4")=3704114.3789465697;
l("25","5")=3999984.9921599478;
l("25","6")=2381629.6534282775;
l("25","7")=4103917.2774994588;
l("25","8")=4494405.066794186;
l("25","9")=3949853.323568009;
l("25","10")=2905928.797668478;
l("25","11")=2903662.8221549457;
l("25","12")=4128594.009652881;
l("25","13")=3413809.4310592855;
l("25","14")=1821087.481307357;
l("25","15")=2326534.052257433;
l("25","16")=2071639.2875945251;
l("25","17")=1399201.2419862968;
l("25","18")=4919383.316521198;
l("25","19")=1528793.8759146351;
l("25","20")=3552124.3566935295;
l("25","21")=2981153.257290441;
l("25","22")=937248.5580825532;
l("25","23")=3675256.933996068;
l("25","24")=587179.2136198884;
l("25","25")=0.0;
l("25","26")=261997.73326573885;
l("26","1")=3566091.0846770075;
l("26","2")=2921994.0607591956;
l("26","3")=4560085.216846941;
l("26","4")=3485799.066924303;
l("26","5")=3801898.447329556;
l("26","6")=2168190.808339382;
l("26","7")=3927649.2398259747;
l("26","8")=4305127.071807874;
l("26","9")=3739247.5349529763;
l("26","10")=2706708.1390811186;
l("26","11")=2672160.058588324;
l("26","12")=3937106.1821048544;
l("26","13")=3190027.0166526223;
l("26","14")=1685047.2665763742;
l("26","15")=2150088.4558991566;
l("26","16")=1821821.2247480715;
l("26","17")=1196030.1337272685;
l("26","18")=4759026.987846285;
l("26","19")=1394877.3317562744;
l("26","20")=3378420.0822887137;
l("26","21")=2789564.5327097196;
l("26","22")=749776.7102546806;
l("26","23")=3520374.426318784;
l("26","24")=391138.59866777115;
l("26","25")=261997.73326573885;
l("26","26")=0.0;
